QGC WPL 110
0	1	0	16	0.000000	0.000000	0.000000	0.000000	40.452652	-85.495560	265.220001	1
1	0	3	22	0.000000	0.000000	0.000000	0.000000	0.000000	0.000000	10.000000	1
2	0	3	16	0.000000	0.000000	0.000000	0.000000	40.452652	-85.495499	20.000000	1
3	0	3	16	0.000000	0.000000	0.000000	0.000000	40.452625	-85.495323	20.000000	1
4	0	3	16	0.000000	0.000000	0.000000	0.000000	40.452602	-85.495285	20.000000	1
5	0	3	16	0.000000	0.000000	0.000000	0.000000	40.452572	-85.495338	20.000000	1
6	0	3	16	0.000000	0.000000	0.000000	0.000000	40.452538	-85.495522	20.000000	1
7	0	3	16	0.000000	0.000000	0.000000	0.000000	40.452515	-85.495552	20.000000	1
8	0	3	16	0.000000	0.000000	0.000000	0.000000	40.452484	-85.495506	20.000000	1
9	0	3	16	0.000000	0.000000	0.000000	0.000000	40.452461	-85.495293	20.000000	1
10	0	3	16	0.000000	0.000000	0.000000	0.000000	40.452431	-85.495247	20.000000	1
11	0	3	16	0.000000	0.000000	0.000000	0.000000	40.452385	-85.495270	20.000000	1
12	0	3	16	0.000000	0.000000	0.000000	0.000000	40.452374	-85.495308	20.000000	1
13	0	3	16	0.000000	0.000000	0.000000	0.000000	40.452393	-85.495354	20.000000	1
14	0	3	21	0.000000	0.000000	0.000000	0.000000	40.452618	-85.495537	0.000000	1
